P2
0 0
1 0
2 0
3 0
4 0
5 0
6 0
7 0
8 0
9 0
10 0
11 0
12 0
13 0
14 0
15 0
16 0
17 0
18 0
19 0
20 0
21 0
22 0
23 0
24 0
25 0
26 0
27 0
28 0
29 0
30 0
31 0
32 0
33 0
34 0
35 0
36 0
37 0
38 0
39 0
40 0
41 0
42 0
43 0
44 0
45 0
46 0
47 0
48 0
49 0
50 0
51 0
52 0
53 0
54 0
55 0
56 0
57 0
58 0
59 0
60 0
61 27
62 46
63 85
64 92
65 109
66 130
67 174
68 463
69 376
70 423
71 372
72 349
73 313
74 466
75 420
76 364
77 349
78 299
79 285
80 232
81 276
82 324
83 309
84 387
85 465
86 449
87 451
88 388
89 355
90 439
91 390
92 387
93 399
94 399
95 296
96 227
97 221
98 164
99 133
100 103
101 108
102 82
103 104
104 86
105 93
106 84
107 84
108 101
109 91
110 80
111 81
112 115
113 119
114 154
115 192
116 326
117 607
118 847
119 0
120 1049
121 1427
122 1838
123 2225
124 2447
125 2836
126 3085
127 3240
128 0
129 3627
130 3783
131 3690
132 4100
133 4530
134 4917
135 4784
136 0
137 4426
138 4537
139 4522
140 4364
141 4207
142 0
143 4619
144 4504
145 4405
146 4561
147 4816
148 4570
149 0
150 4268
151 4504
152 4179
153 4237
154 4950
155 0
156 4858
157 4887
158 4970
159 5265
160 0
161 5701
162 6781
163 7137
164 7361
165 7177
166 0
167 6899
168 7163
169 7535
170 6738
171 6013
172 0
173 5748
174 4946
175 4584
176 4282
177 4487
178 0
179 4476
180 4311
181 3858
182 2502
183 1881
184 0
185 1485
186 1427
187 1538
188 1850
189 1858
190 1921
191 0
192 1679
193 866
194 334
195 99
196 81
197 42
198 53
199 51
200 0
201 31
202 39
203 30
204 28
205 21
206 42
207 49
208 23
209 25
210 28
211 34
212 47
213 0
214 38
215 30
216 41
217 36
218 30
219 56
220 56
221 37
222 86
223 50
224 29
225 56
226 54
227 79
228 55
229 66
230 86
231 201
232 140
233 102
234 160
235 192
236 409
237 188
238 203
239 317
240 149
241 132
242 311
243 113
244 244
245 176
246 89
247 196
248 233
249 226
250 253
251 270
252 285
253 254
254 234
255 6144
