P2
0 0
1 0
2 0
3 0
4 0
5 0
6 0
7 0
8 0
9 0
10 0
11 0
12 0
13 0
14 0
15 0
16 0
17 0
18 0
19 0
20 0
21 0
22 0
23 0
24 0
25 0
26 0
27 0
28 0
29 0
30 0
31 0
32 0
33 0
34 0
35 0
36 0
37 0
38 0
39 0
40 0
41 0
42 0
43 0
44 0
45 0
46 0
47 0
48 0
49 0
50 0
51 0
52 0
53 0
54 0
55 0
56 0
57 0
58 0
59 0
60 0
61 17
62 41
63 75
64 104
65 124
66 133
67 193
68 425
69 331
70 374
71 340
72 354
73 344
74 429
75 432
76 424
77 493
78 434
79 467
80 454
81 412
82 433
83 452
84 520
85 647
86 664
87 630
88 551
89 500
90 558
91 528
92 553
93 563
94 651
95 515
96 461
97 456
98 383
99 389
100 316
101 285
102 239
103 215
104 232
105 193
106 174
107 201
108 218
109 264
110 292
111 338
112 514
113 742
114 1099
115 1511
116 1722
117 2265
118 2759
119 0
120 3085
121 3458
122 3667
123 3628
124 3941
125 3793
126 3906
127 4149
128 0
129 4499
130 4815
131 4642
132 4621
133 4465
134 4509
135 4364
136 0
137 4113
138 3967
139 3791
140 3763
141 4071
142 0
143 4653
144 5332
145 5713
146 5857
147 5530
148 5102
149 0
150 4899
151 4704
152 4487
153 4428
154 4702
155 0
156 4583
157 4776
158 4983
159 5298
160 0
161 5765
162 6583
163 6775
164 7099
165 6771
166 0
167 6872
168 6798
169 6873
170 6465
171 5872
172 0
173 5795
174 5633
175 5458
176 5284
177 4908
178 0
179 4502
180 3977
181 3152
182 2051
183 1476
184 0
185 1085
186 965
187 963
188 1108
189 1083
190 1185
191 0
192 1076
193 644
194 286
195 174
196 153
197 124
198 167
199 153
200 0
201 147
202 182
203 202
204 193
205 190
206 168
207 186
208 193
209 181
210 193
211 198
212 246
213 0
214 248
215 311
216 300
217 251
218 228
219 218
220 248
221 235
222 431
223 218
224 281
225 265
226 260
227 304
228 249
229 321
230 305
231 681
232 395
233 381
234 376
235 410
236 954
237 446
238 480
239 996
240 449
241 440
242 996
243 536
244 1089
245 1106
246 641
247 1350
248 1406
249 1685
250 1558
251 1626
252 2240
253 1831
254 1755
255 31344
