P2
0 0
1 0
2 0
3 0
4 0
5 0
6 0
7 0
8 0
9 0
10 0
11 0
12 0
13 0
14 0
15 0
16 0
17 0
18 0
19 0
20 0
21 0
22 0
23 0
24 0
25 0
26 0
27 0
28 0
29 0
30 0
31 0
32 0
33 0
34 0
35 0
36 0
37 0
38 0
39 0
40 0
41 0
42 0
43 0
44 0
45 0
46 0
47 0
48 0
49 0
50 0
51 0
52 0
53 0
54 0
55 0
56 0
57 0
58 0
59 0
60 0
61 0
62 8
63 18
64 46
65 56
66 53
67 87
68 154
69 100
70 105
71 108
72 144
73 160
74 167
75 191
76 205
77 282
78 252
79 283
80 301
81 234
82 224
83 246
84 237
85 284
86 339
87 332
88 294
89 277
90 298
91 290
92 303
93 278
94 350
95 276
96 282
97 290
98 264
99 286
100 240
101 204
102 176
103 141
104 171
105 126
106 114
107 138
108 142
109 196
110 232
111 275
112 427
113 650
114 960
115 1359
116 1575
117 2028
118 2436
119 0
120 2665
121 2968
122 2996
123 3082
124 3260
125 3069
126 3169
127 3430
128 0
129 3700
130 4104
131 3920
132 4026
133 3847
134 3928
135 3737
136 0
137 3402
138 3125
139 2834
140 2642
141 2941
142 0
143 3484
144 4199
145 4553
146 4921
147 4735
148 4462
149 0
150 4375
151 4208
152 3947
153 3910
154 4187
155 0
156 4148
157 4246
158 4375
159 4533
160 0
161 4761
162 5435
163 5478
164 5677
165 5203
166 0
167 5434
168 5586
169 5880
170 5664
171 5287
172 0
173 5089
174 4767
175 4542
176 3939
177 3095
178 0
179 2440
180 2062
181 1693
182 1307
183 1070
184 0
185 835
186 712
187 599
188 545
189 372
190 328
191 0
192 234
193 238
194 166
195 122
196 128
197 106
198 142
199 132
200 0
201 126
202 153
203 178
204 172
205 172
206 138
207 153
208 174
209 160
210 173
211 174
212 213
213 0
214 222
215 287
216 269
217 220
218 206
219 179
220 203
221 202
222 362
223 174
224 255
225 218
226 215
227 235
228 199
229 260
230 232
231 506
232 267
233 283
234 236
235 239
236 574
237 274
238 295
239 707
240 312
241 321
242 712
243 434
244 868
245 943
246 561
247 1186
248 1217
249 1485
250 1350
251 1424
252 2037
253 1624
254 1579
255 27115
