P2
0 0
1 0
2 0
3 0
4 0
5 0
6 0
7 0
8 0
9 0
10 0
11 0
12 0
13 0
14 0
15 0
16 0
17 0
18 0
19 0
20 0
21 0
22 0
23 0
24 0
25 0
26 0
27 0
28 0
29 0
30 0
31 0
32 0
33 0
34 0
35 0
36 0
37 0
38 0
39 0
40 0
41 0
42 0
43 0
44 0
45 0
46 0
47 0
48 0
49 0
50 0
51 0
52 0
53 0
54 0
55 0
56 0
57 0
58 0
59 0
60 0
61 14
62 47
63 80
64 85
65 106
66 115
67 177
68 404
69 305
70 350
71 315
72 304
73 317
74 369
75 406
76 397
77 403
78 349
79 366
80 333
81 329
82 361
83 355
84 417
85 517
86 557
87 505
88 480
89 451
90 450
91 451
92 420
93 413
94 472
95 396
96 342
97 311
98 262
99 248
100 212
101 178
102 154
103 139
104 150
105 139
106 129
107 138
108 158
109 190
110 187
111 209
112 304
113 410
114 616
115 836
116 917
117 1206
118 1477
119 0
120 1696
121 1914
122 2116
123 2152
124 2230
125 2380
126 2483
127 2689
128 0
129 2885
130 3074
131 3014
132 2987
133 2995
134 3083
135 3225
136 0
137 3124
138 3284
139 3420
140 3565
141 3762
142 0
143 4226
144 4498
145 4746
146 4929
147 4792
148 4771
149 0
150 4514
151 4383
152 4494
153 4379
154 4514
155 0
156 4466
157 4406
158 4569
159 4626
160 0
161 4870
162 5534
163 5392
164 5553
165 5364
166 0
167 5194
168 5237
169 5354
170 5083
171 4721
172 0
173 4765
174 4522
175 4634
176 4498
177 4317
178 0
179 3937
180 3670
181 2976
182 2161
183 1797
184 0
185 1646
186 1809
187 2529
188 2762
189 2453
190 2189
191 0
192 1763
193 930
194 299
195 137
196 97
197 78
198 99
199 85
200 0
201 84
202 106
203 98
204 108
205 91
206 100
207 95
208 102
209 111
210 114
211 113
212 150
213 0
214 128
215 173
216 157
217 159
218 125
219 135
220 138
221 145
222 225
223 150
224 160
225 156
226 158
227 202
228 146
229 178
230 201
231 407
232 263
233 234
234 257
235 293
236 691
237 306
238 295
239 640
240 303
241 279
242 631
243 325
244 655
245 634
246 356
247 745
248 808
249 974
250 858
251 907
252 1217
253 1024
254 944
255 17497
