P2
0 0
1 0
2 0
3 0
4 0
5 0
6 0
7 0
8 0
9 0
10 0
11 0
12 0
13 0
14 0
15 0
16 0
17 0
18 0
19 0
20 0
21 0
22 0
23 0
24 0
25 0
26 0
27 0
28 0
29 0
30 0
31 0
32 0
33 0
34 0
35 0
36 0
37 0
38 0
39 0
40 0
41 0
42 0
43 0
44 0
45 0
46 0
47 0
48 0
49 0
50 0
51 0
52 0
53 0
54 0
55 0
56 0
57 0
58 0
59 0
60 0
61 16
62 42
63 80
64 92
65 106
66 120
67 184
68 414
69 301
70 353
71 320
72 316
73 307
74 360
75 411
76 400
77 389
78 375
79 376
80 328
81 344
82 345
83 368
84 396
85 541
86 544
87 493
88 467
89 454
90 464
91 439
92 414
93 436
94 479
95 398
96 352
97 310
98 266
99 246
100 213
101 175
102 155
103 143
104 156
105 123
106 150
107 133
108 154
109 198
110 169
111 193
112 324
113 407
114 610
115 827
116 913
117 1214
118 1473
119 0
120 1670
121 1861
122 2078
123 2120
124 2295
125 2321
126 2431
127 2613
128 0
129 2910
130 3058
131 3092
132 2934
133 3008
134 3109
135 3252
136 0
137 3112
138 3349
139 3436
140 3680
141 3715
142 0
143 4326
144 4561
145 4845
146 4940
147 4778
148 4820
149 0
150 4565
151 4538
152 4605
153 4542
154 4756
155 0
156 4626
157 4511
158 4606
159 4717
160 0
161 4988
162 5609
163 5524
164 5639
165 5465
166 0
167 5344
168 5436
169 5582
170 5290
171 4905
172 0
173 4934
174 4718
175 4750
176 4570
177 4432
178 0
179 4035
180 3712
181 3020
182 2160
183 1805
184 0
185 1760
186 1796
187 2616
188 2760
189 2507
190 2170
191 0
192 1749
193 906
194 300
195 138
196 100
197 84
198 90
199 84
200 0
201 72
202 94
203 109
204 90
205 92
206 98
207 92
208 110
209 124
210 104
211 110
212 150
213 0
214 126
215 172
216 150
217 160
218 132
219 134
220 127
221 152
222 218
223 160
224 157
225 154
226 164
227 216
228 146
229 190
230 214
231 399
232 270
233 218
234 265
235 288
236 695
237 301
238 296
239 684
240 302
241 287
242 647
243 336
244 635
245 628
246 351
247 748
248 817
249 966
250 821
251 915
252 1247
253 1004
254 961
255 18595
