P2
0 0
1 0
2 0
3 0
4 0
5 0
6 0
7 0
8 0
9 0
10 0
11 0
12 0
13 0
14 0
15 0
16 0
17 0
18 0
19 0
20 0
21 0
22 0
23 0
24 0
25 0
26 0
27 0
28 0
29 0
30 0
31 0
32 0
33 0
34 0
35 0
36 0
37 0
38 0
39 0
40 0
41 0
42 0
43 0
44 0
45 0
46 0
47 0
48 0
49 0
50 0
51 0
52 0
53 0
54 0
55 0
56 0
57 0
58 0
59 0
60 0
61 9
62 52
63 76
64 94
65 127
66 116
67 155
68 388
69 303
70 309
71 319
72 312
73 313
74 353
75 374
76 353
77 455
78 348
79 366
80 342
81 368
82 338
83 369
84 417
85 522
86 626
87 479
88 469
89 387
90 410
91 447
92 442
93 415
94 492
95 408
96 367
97 285
98 250
99 250
100 218
101 172
102 128
103 143
104 170
105 127
106 104
107 134
108 171
109 184
110 219
111 217
112 319
113 345
114 588
115 865
116 917
117 1187
118 1521
119 0
120 1716
121 1871
122 2106
123 2109
124 2319
125 2371
126 2495
127 2591
128 0
129 2777
130 3020
131 2962
132 2957
133 2917
134 2985
135 3182
136 0
137 3021
138 3254
139 3384
140 3476
141 3770
142 0
143 4174
144 4404
145 4610
146 4665
147 4801
148 4697
149 0
150 4383
151 4418
152 4467
153 4329
154 4498
155 0
156 4463
157 4331
158 4488
159 4469
160 0
161 4649
162 5521
163 5256
164 5441
165 5184
166 0
167 5211
168 5014
169 5470
170 5069
171 4828
172 0
173 4899
174 4624
175 4831
176 4706
177 4504
178 0
179 3960
180 3665
181 3014
182 2321
183 1846
184 0
185 1642
186 1844
187 2528
188 2828
189 2477
190 2119
191 0
192 1678
193 929
194 302
195 166
196 100
197 78
198 93
199 80
200 0
201 92
202 123
203 87
204 119
205 66
206 109
207 101
208 95
209 101
210 115
211 115
212 180
213 0
214 141
215 162
216 149
217 147
218 134
219 131
220 116
221 134
222 224
223 149
224 165
225 154
226 127
227 206
228 159
229 141
230 193
231 375
232 255
233 232
234 256
235 297
236 715
237 292
238 307
239 658
240 347
241 303
242 646
243 298
244 617
245 646
246 351
247 739
248 734
249 1016
250 866
251 851
252 1209
253 1030
254 999
255 17282
