P2
0 0
1 0
2 0
3 0
4 0
5 0
6 0
7 0
8 0
9 0
10 0
11 0
12 0
13 0
14 0
15 0
16 0
17 0
18 0
19 0
20 0
21 0
22 0
23 0
24 0
25 0
26 0
27 0
28 0
29 0
30 0
31 0
32 0
33 0
34 0
35 0
36 0
37 0
38 0
39 0
40 0
41 0
42 0
43 0
44 0
45 0
46 0
47 0
48 0
49 0
50 0
51 0
52 0
53 0
54 0
55 0
56 0
57 0
58 0
59 0
60 0
61 19
62 45
63 76
64 91
65 108
66 125
67 176
68 405
69 315
70 348
71 321
72 327
73 312
74 394
75 395
76 384
77 405
78 355
79 360
80 337
81 335
82 354
83 357
84 430
85 527
86 538
87 509
88 478
89 451
90 470
91 428
92 433
93 437
94 483
95 390
96 331
97 322
98 259
99 255
100 207
101 192
102 159
103 155
104 150
105 135
106 130
107 138
108 159
109 172
110 189
111 209
112 306
113 426
114 614
115 840
116 936
117 1248
118 1537
119 0
120 1738
121 1990
122 2200
123 2227
124 2459
125 2494
126 2653
127 2823
128 0
129 3084
130 3262
131 3197
132 3196
133 3234
134 3310
135 3388
136 0
137 3352
138 3501
139 3645
140 3803
141 4010
142 0
143 4544
144 4883
145 5145
146 5392
147 5184
148 5141
149 0
150 4889
151 4764
152 4791
153 4812
154 5007
155 0
156 4783
157 4740
158 4797
159 4960
160 0
161 5338
162 5971
163 5921
164 6017
165 5744
166 0
167 5728
168 5727
169 5963
170 5686
171 5272
172 0
173 5200
174 5119
175 5120
176 5019
177 4796
178 0
179 4270
180 3970
181 3230
182 2241
183 1840
184 0
185 1780
186 1900
187 2648
188 2841
189 2573
190 2208
191 0
192 1818
193 923
194 290
195 128
196 94
197 74
198 99
199 90
200 0
201 86
202 107
203 115
204 107
205 106
206 100
207 110
208 107
209 103
210 107
211 112
212 140
213 0
214 138
215 168
216 166
217 140
218 125
219 132
220 147
221 134
222 250
223 131
224 154
225 157
226 151
227 184
228 150
229 191
230 191
231 430
232 264
233 239
234 260
235 290
236 670
237 311
238 334
239 645
240 293
241 279
242 643
243 319
244 657
245 632
246 363
247 770
248 810
249 950
250 897
251 938
252 1257
253 1023
254 974
255 18920
