P2
0 0
1 0
2 0
3 0
4 0
5 0
6 0
7 0
8 0
9 0
10 0
11 0
12 0
13 0
14 0
15 0
16 0
17 0
18 0
19 0
20 0
21 0
22 0
23 0
24 0
25 0
26 0
27 0
28 0
29 0
30 0
31 0
32 0
33 0
34 0
35 0
36 0
37 0
38 0
39 0
40 0
41 0
42 0
43 0
44 0
45 0
46 0
47 0
48 0
49 0
50 0
51 0
52 0
53 0
54 0
55 0
56 0
57 0
58 0
59 0
60 0
61 0
62 0
63 0
64 91
65 108
66 125
67 176
68 405
69 315
70 348
71 321
72 327
73 312
74 394
75 395
76 384
77 405
78 355
79 360
80 337
81 335
82 354
83 357
84 430
85 527
86 538
87 509
88 478
89 451
90 470
91 428
92 433
93 437
94 483
95 390
96 331
97 322
98 259
99 255
100 207
101 192
102 159
103 155
104 150
105 135
106 130
107 138
108 159
109 172
110 189
111 209
112 306
113 426
114 614
115 840
116 936
117 1248
118 1537
119 0
120 1738
121 1990
122 2200
123 2227
124 2459
125 2494
126 2653
127 2823
128 0
129 3084
130 3262
131 3197
132 3196
133 3234
134 3310
135 3388
136 0
137 3352
138 3501
139 3645
140 3803
141 4010
142 0
143 4544
144 4883
145 5145
146 5392
147 5184
148 5141
149 0
150 4889
151 4764
152 4791
153 4812
154 5007
155 0
156 4783
157 4740
158 4797
159 4960
160 0
161 5338
162 5971
163 5921
164 6017
165 5744
166 0
167 5728
168 5727
169 5963
170 5686
171 5272
172 0
173 5200
174 5119
175 5120
176 5019
177 4796
178 0
179 4270
180 3970
181 3230
182 2241
183 1840
184 0
185 1780
186 1900
187 2648
188 2841
189 2573
190 2208
191 0
192 3329
193 1779
194 577
195 256
196 188
197 147
198 198
199 180
200 0
201 172
202 213
203 230
204 214
205 212
206 200
207 220
208 214
209 205
210 213
211 224
212 279
213 0
214 276
215 336
216 332
217 280
218 250
219 264
220 293
221 268
222 498
223 259
224 308
225 313
226 301
227 367
228 300
229 381
230 377
231 846
232 523
233 473
234 511
235 574
236 1308
237 610
238 663
239 1277
240 579
241 550
242 1274
243 636
244 1308
245 1248
246 722
247 1522
248 1604
249 1863
250 1772
251 1862
252 2479
253 1988
254 1878
255 31951
