P2
0 0
1 0
2 0
3 0
4 0
5 0
6 0
7 0
8 0
9 0
10 0
11 0
12 0
13 0
14 0
15 0
16 0
17 0
18 0
19 0
20 0
21 0
22 0
23 0
24 0
25 0
26 0
27 0
28 0
29 0
30 0
31 0
32 0
33 0
34 0
35 0
36 0
37 0
38 0
39 0
40 0
41 0
42 0
43 0
44 0
45 0
46 0
47 0
48 0
49 0
50 0
51 0
52 0
53 0
54 0
55 0
56 0
57 0
58 0
59 0
60 0
61 0
62 0
63 0
64 0
65 0
66 0
67 0
68 0
69 0
70 0
71 0
72 0
73 0
74 0
75 0
76 0
77 0
78 0
79 0
80 0
81 0
82 0
83 0
84 0
85 0
86 0
87 0
88 0
89 0
90 0
91 0
92 0
93 0
94 0
95 0
96 0
97 0
98 0
99 0
100 0
101 0
102 0
103 0
104 0
105 0
106 0
107 0
108 0
109 0
110 0
111 0
112 0
113 0
114 0
115 0
116 0
117 0
118 0
119 0
120 0
121 0
122 0
123 0
124 0
125 0
126 0
127 0
128 0
129 5894
130 6212
131 6134
132 6094
133 6225
134 6382
135 6573
136 0
137 6446
138 6812
139 7084
140 7397
141 7793
142 0
143 8784
144 9432
145 9904
146 10344
147 9940
148 9910
149 0
150 9521
151 9306
152 9317
153 9403
154 9795
155 0
156 9320
157 9225
158 9345
159 9676
160 0
161 10367
162 11590
163 11417
164 11651
165 11080
166 0
167 11098
168 11132
169 11600
170 11001
171 10206
172 0
173 10026
174 9871
175 9866
176 9604
177 9255
178 0
179 8184
180 7692
181 6248
182 4394
183 3652
184 0
185 3544
186 3776
187 5229
188 5600
189 5068
190 4357
191 0
192 3549
193 1792
194 577
195 256
196 188
197 148
198 198
199 180
200 0
201 172
202 214
203 230
204 214
205 212
206 200
207 220
208 211
209 206
210 214
211 223
212 280
213 0
214 275
215 336
216 332
217 280
218 250
219 264
220 294
221 268
222 500
223 261
224 308
225 314
226 302
227 366
228 299
229 380
230 381
231 857
232 527
233 474
234 519
235 576
236 1334
237 621
238 663
239 1281
240 585
241 558
242 1279
243 636
244 1306
245 1262
246 725
247 1519
248 1609
249 1879
250 1778
251 1850
252 2436
253 1988
254 1884
255 36290
